Ntotal t1 t2 t3 t4 t5 winner prob_superior2 prob_superior3 prob_superior4 prob_superior5 prob_futile2 prob_futile3 prob_futile4 prob_futile5
50 9 11 9 9 12 4 0.658 0.846 0.79 0.992 0.342 0.154 0.21 0.008
80 18 13 19 12 18 4 0.198 0.834 0.344 0.992 0.802 0.166 0.656 0.008
110 25 14 19 23 29 4 0.466 0.536 0.75 0.992 0.534 0.464 0.25 0.008
110 22 17 14 25 32 4 0.218 0.21 0.628 0.992 0.782 0.79 0.372 0.008
140 33 20 22 29 36 4 0.952 0.67 0.702 1 0.048 0.33 0.298 0
140 24 12 14 29 61 4 0.312 0.132 0.278 0.998 0.688 0.868 0.722 0.002
80 10 21 20 9 20 4 0.964 0.912 0.884 1 0.036 0.088 0.116 0
140 32 26 15 16 51 4 0.472 0.288 0.574 0.998 0.528 0.712 0.426 0.002
200 29 24 22 13 112 4 0.112 0.052 0.178 0.996 0.888 0.948 0.822 0.004
170 32 31 30 17 60 4 0.736 0.71 0.344 1 0.264 0.29 0.656 0
80 16 19 10 18 17 4 0.626 0.736 0.866 0.998 0.374 0.264 0.134 0.002
50 7 9 13 13 8 4 0.714 0.852 0.746 1 0.286 0.148 0.254 0
140 29 17 39 14 41 4 0.278 0.696 0.1 0.998 0.722 0.304 0.9 0.002
110 18 29 13 26 24 4 0.966 0.606 0.918 0.996 0.034 0.394 0.082 0.004
200 48 16 53 18 65 4 0.186 0.794 0.294 0.998 0.814 0.206 0.706 0.002
110 20 20 18 25 27 4 0.47 0.36 0.638 0.994 0.53 0.64 0.362 0.006
50 7 12 14 5 12 4 0.866 0.752 0.444 0.992 0.134 0.248 0.556 0.008
50 10 7 10 11 12 4 0.868 0.308 0.798 1 0.132 0.692 0.202 0
140 30 41 29 8 32 4 0.62 0.414 0.048 1 0.38 0.586 0.952 0
50 10 10 15 8 7 3 0.6 0.476 0.994 0.754 0.4 0.524 0.006 0.246
140 23 33 24 31 29 4 0.718 0.488 0.664 0.994 0.282 0.512 0.336 0.006
80 26 9 10 23 12 4 0.226 0.576 0.818 0.992 0.774 0.424 0.182 0.008
260 51 12 29 26 142 4 0.08 0.226 0.07 1 0.92 0.774 0.93 0
50 13 9 6 10 12 4 0.388 0.178 0.686 1 0.612 0.822 0.314 0
170 34 28 36 25 47 4 0.772 0.918 0.858 1 0.228 0.082 0.142 0
110 23 18 25 19 25 4 0.684 0.878 0.946 0.998 0.316 0.122 0.054 0.002
230 50 40 43 25 72 4 0.332 0.338 0.388 0.998 0.668 0.662 0.612 0.002
140 25 14 33 28 40 4 0.25 0.584 0.264 1 0.75 0.416 0.736 0
170 37 21 31 23 58 4 0.352 0.442 0.218 0.998 0.648 0.558 0.782 0.002
110 19 19 23 19 30 4 0.806 0.526 0.03 1 0.194 0.474 0.97 0
170 33 21 14 43 59 4 0.178 0.036 0.744 0.994 0.822 0.964 0.256 0.006
200 39 9 49 40 63 4 0.282 0.904 0.936 0.998 0.718 0.096 0.064 0.002
110 18 12 18 22 40 4 0.588 0.338 0.428 0.994 0.412 0.662 0.572 0.006
110 28 21 19 16 26 4 0.768 0.766 0.878 1 0.232 0.234 0.122 0
320 66 47 26 73 108 4 0.342 0.216 0.596 1 0.658 0.784 0.404 0
50 4 13 16 11 6 -1 0.942 0.996 0.95 1 0.058 0.004 0.05 0
110 26 17 20 25 22 4 0.49 0.246 0.818 0.994 0.51 0.754 0.182 0.006
80 21 17 9 9 24 4 0.898 0.608 0.662 1 0.102 0.392 0.338 0
140 19 18 31 36 36 4 0.11 0.692 0.862 1 0.89 0.308 0.138 0
140 30 12 12 14 72 4 0.372 0.03 0.648 1 0.628 0.97 0.352 0
80 17 13 13 15 22 4 0.706 0.738 0.674 0.994 0.294 0.262 0.326 0.006
230 45 33 27 40 85 4 0.16 0.214 0.548 0.992 0.84 0.786 0.452 0.008
200 35 10 26 61 68 4 0.066 0.382 0.498 0.994 0.934 0.618 0.502 0.006
80 19 11 9 13 28 4 0.09 0.56 0.21 0.992 0.91 0.44 0.79 0.008
140 25 14 20 37 44 4 0.136 0.61 0.826 0.998 0.864 0.39 0.174 0.002
320 62 24 27 101 106 4 0.01 0.06 0.63 0.998 0.99 0.94 0.37 0.002
290 62 74 57 43 54 4 0.96 0.562 0.284 0.996 0.04 0.438 0.716 0.004
200 43 49 35 25 48 4 0.978 0.676 0.122 0.996 0.022 0.324 0.878 0.004
140 27 16 14 15 68 4 0.14 0.14 0.02 0.992 0.86 0.86 0.98 0.008
80 19 10 17 17 17 4 0.054 0.53 0.274 1 0.946 0.47 0.726 0
110 18 20 19 18 35 4 0.412 0.408 0.472 1 0.588 0.592 0.528 0
200 40 40 28 14 78 4 0.61 0.142 0.15 1 0.39 0.858 0.85 0
50 12 11 7 13 7 -1 0.996 0.968 0.944 0.982 0.004 0.032 0.056 0.018
410 90 83 48 78 111 4 0.688 0.658 0.282 0.994 0.312 0.342 0.718 0.006
110 22 21 22 18 27 4 0.636 0.73 0.85 0.998 0.364 0.27 0.15 0.002
50 15 10 5 7 13 4 0.3 0.432 0.442 0.996 0.7 0.568 0.558 0.004
50 11 8 9 12 10 2 0.746 1 0.96 1 0.254 0 0.04 0
410 90 60 46 24 190 0 0.124 0.098 0.026 0.896 0.876 0.902 0.974 0.104
110 25 24 12 19 30 4 0.726 0.576 0.4 0.992 0.274 0.424 0.6 0.008
260 46 24 29 24 137 4 0.204 0.052 0.054 0.996 0.796 0.948 0.946 0.004
320 58 30 22 47 163 4 0.036 0.004 0.108 0.998 0.964 0.996 0.892 0.002
290 71 25 52 10 132 4 0.25 0.574 0.052 1 0.75 0.426 0.948 0
380 83 23 79 50 145 4 0.076 0.304 0.08 0.998 0.924 0.696 0.92 0.002
200 33 33 39 48 47 4 0.964 0.796 0.68 0.998 0.036 0.204 0.32 0.002
140 29 27 26 32 26 1 1 0.694 1 1 0 0.306 0 0
200 47 34 20 32 67 4 0.81 0.048 0.282 0.998 0.19 0.952 0.718 0.002
50 11 7 12 7 13 4 0.666 0.592 0.426 0.996 0.334 0.408 0.574 0.004
200 41 8 42 25 84 4 0.03 0.282 0.374 1 0.97 0.718 0.626 0
410 68 47 24 63 208 0 0.158 0.048 0.102 0.968 0.842 0.952 0.898 0.032
110 24 22 14 21 29 4 0.836 0.218 0.568 0.996 0.164 0.782 0.432 0.004
140 34 35 12 29 30 4 0.686 0.33 0.976 0.998 0.314 0.67 0.024 0.002
50 9 9 9 12 11 4 0.228 0.644 0.414 0.994 0.772 0.356 0.586 0.006
50 7 15 7 11 10 4 0.508 0.392 0.952 0.998 0.492 0.608 0.048 0.002
140 29 17 25 35 34 4 0.43 0.8 0.79 0.998 0.57 0.2 0.21 0.002
260 48 31 16 35 130 4 0.322 0.026 0.378 0.992 0.678 0.974 0.622 0.008
140 34 21 15 27 43 4 0.232 0.134 0.34 0.992 0.768 0.866 0.66 0.008
170 37 35 30 35 33 3 0.87 0.742 0.994 0.994 0.13 0.258 0.006 0.006
80 16 19 13 15 17 4 0.802 0.838 0.576 0.996 0.198 0.162 0.424 0.004
110 20 14 16 31 29 4 0.952 0.604 0.674 0.996 0.048 0.396 0.326 0.004
140 32 22 30 11 45 4 0.176 0.378 0.024 0.996 0.824 0.622 0.976 0.004
110 24 24 18 13 31 4 0.934 0.78 0.172 0.992 0.066 0.22 0.828 0.008
140 32 24 27 30 27 4 0.542 0.752 0.76 0.992 0.458 0.248 0.24 0.008
170 34 21 18 41 56 4 0.458 0.27 0.59 0.992 0.542 0.73 0.41 0.008
140 28 22 29 17 44 4 0.44 0.398 0.2 0.998 0.56 0.602 0.8 0.002
110 20 11 12 21 46 4 0.068 0.026 0.75 1 0.932 0.974 0.25 0
80 15 21 11 16 17 4 0.792 0.814 0.93 0.994 0.208 0.186 0.07 0.006
230 52 33 42 45 58 4 0.354 0.488 0.902 0.998 0.646 0.512 0.098 0.002
140 31 32 15 28 34 4 0.846 0.14 0.496 1 0.154 0.86 0.504 0
80 18 14 17 7 24 4 0.896 0.812 0.064 0.992 0.104 0.188 0.936 0.008
260 60 13 38 37 112 4 0.024 0.198 0.466 0.994 0.976 0.802 0.534 0.006
50 10 10 5 12 13 4 0.758 0.516 0.366 0.996 0.242 0.484 0.634 0.004
140 35 28 21 25 31 4 0.686 0.67 0.464 0.994 0.314 0.33 0.536 0.006
200 34 57 14 29 66 4 0.702 0.124 0.288 1 0.298 0.876 0.712 0
50 4 11 8 13 14 3 0.846 0.914 0.992 0.99 0.154 0.086 0.008 0.01
170 27 40 32 45 26 4 0.936 0.592 0.858 0.996 0.064 0.408 0.142 0.004
50 10 9 13 10 8 4 0.806 0.884 0.964 1 0.194 0.116 0.036 0
170 39 33 26 25 47 4 0.664 0.676 0.446 0.994 0.336 0.324 0.554 0.006
170 31 38 29 38 34 4 0.83 0.51 0.726 0.998 0.17 0.49 0.274 0.002
140 25 36 28 19 32 4 0.908 0.774 0.82 0.996 0.092 0.226 0.18 0.004
50 11 6 11 15 7 4 0.566 0.434 0.56 0.996 0.434 0.566 0.44 0.004
80 20 16 10 20 14 4 0.114 0.358 0.286 0.994 0.886 0.642 0.714 0.006
140 37 23 20 27 33 4 0.508 0.594 0.532 0.994 0.492 0.406 0.468 0.006
350 69 34 31 39 177 4 0.034 0.12 0.04 0.996 0.966 0.88 0.96 0.004
350 83 55 51 75 86 4 0.536 0.32 0.602 1 0.464 0.68 0.398 0
50 13 8 11 13 5 -1 0.986 0.978 0.956 0.992 0.014 0.022 0.044 0.008
350 62 29 41 39 179 4 0.096 0.228 0.158 1 0.904 0.772 0.842 0
80 13 23 10 9 25 4 0.57 0.014 0.016 1 0.43 0.986 0.984 0
50 10 11 10 12 7 4 0.696 0.968 0.764 0.996 0.304 0.032 0.236 0.004
260 48 32 49 34 97 4 0.366 0.55 0.414 0.996 0.634 0.45 0.586 0.004
200 37 24 38 48 53 4 0.124 0.168 0.644 0.998 0.876 0.832 0.356 0.002
320 58 73 38 68 83 4 0.634 0.428 0.64 0.996 0.366 0.572 0.36 0.004
410 82 48 38 76 166 0 0.006 0.008 0.096 0.968 0.994 0.992 0.904 0.032
50 15 5 13 4 13 4 0.494 0.346 0.266 0.998 0.506 0.654 0.734 0.002
80 13 16 11 12 28 4 0.772 0.99 0.942 0.998 0.228 0.01 0.058 0.002
290 59 33 53 70 75 4 0.164 0.682 0.91 0.994 0.836 0.318 0.09 0.006
230 44 13 67 31 75 4 0.136 0.67 0.332 1 0.864 0.33 0.668 0
200 38 32 29 43 58 4 0.916 0.416 0.936 0.994 0.084 0.584 0.064 0.006
80 18 16 11 16 19 4 0.58 0.62 0.52 1 0.42 0.38 0.48 0
50 11 8 10 9 12 4 0.838 0.782 0.998 1 0.162 0.218 0.002 0
80 21 12 16 11 20 4 0.944 0.958 0.43 1 0.056 0.042 0.57 0
80 13 12 21 20 14 4 0.672 0.914 0.84 0.998 0.328 0.086 0.16 0.002
80 10 16 21 15 18 4 0.908 0.434 0.682 0.998 0.092 0.566 0.318 0.002
110 26 14 16 18 36 4 0.192 0.236 0.374 0.992 0.808 0.764 0.626 0.008
230 47 20 27 15 121 4 0.088 0.346 0.118 0.996 0.912 0.654 0.882 0.004
80 12 11 14 25 18 4 0.846 0.68 0.9 1 0.154 0.32 0.1 0
170 31 26 22 54 37 4 0.716 0.494 0.912 0.996 0.284 0.506 0.088 0.004
170 37 38 20 20 55 4 0.474 0.298 0.048 0.998 0.526 0.702 0.952 0.002
410 76 44 45 61 184 4 0.018 0.062 0.068 0.992 0.982 0.938 0.932 0.008
50 5 8 11 14 12 4 0.738 0.894 0.99 0.994 0.262 0.106 0.01 0.006
80 18 10 10 14 28 4 0.976 0.698 0.614 0.996 0.024 0.302 0.386 0.004
80 11 17 18 16 18 4 0.562 0.816 0.79 1 0.438 0.184 0.21 0
110 31 16 23 10 30 4 0.674 0.916 0.004 0.994 0.326 0.084 0.996 0.006
200 48 18 47 44 43 4 0.288 0.832 0.828 0.996 0.712 0.168 0.172 0.004
110 18 24 24 15 29 4 0.42 0.934 0.276 0.994 0.58 0.066 0.724 0.006
110 27 11 22 22 28 4 0.116 0.342 0.482 1 0.884 0.658 0.518 0
80 14 15 14 20 17 -1 0.912 0.938 0.968 1 0.088 0.062 0.032 0
290 64 29 26 9 162 4 0.074 0.18 0.004 0.996 0.926 0.82 0.996 0.004
290 60 54 49 65 62 4 0.784 0.262 0.382 0.994 0.216 0.738 0.618 0.006
350 86 50 74 42 98 4 0.692 0.808 0.414 0.998 0.308 0.192 0.586 0.002
410 65 84 32 16 213 0 0.026 0.066 0.006 0.878 0.974 0.934 0.994 0.122
230 44 44 21 31 90 4 0.278 0.216 0.55 0.994 0.722 0.784 0.45 0.006
140 28 36 18 22 36 4 0.914 0.242 0.716 0.994 0.086 0.758 0.284 0.006
140 30 18 15 39 38 4 0.112 0.164 0.556 0.992 0.888 0.836 0.444 0.008
200 38 53 35 11 63 4 0.73 0.686 0.124 1 0.27 0.314 0.876 0
50 9 4 11 14 12 4 0.764 0.668 0.64 0.992 0.236 0.332 0.36 0.008
260 42 71 42 16 89 4 0.576 0.358 0.034 0.994 0.424 0.642 0.966 0.006
230 50 43 45 26 66 4 0.502 0.448 0.43 0.992 0.498 0.552 0.57 0.008
200 31 24 44 42 59 4 0.694 0.362 0.586 0.996 0.306 0.638 0.414 0.004
380 65 69 52 38 156 4 0.36 0.158 0.098 0.992 0.64 0.842 0.902 0.008
140 23 29 31 15 42 4 0.82 0.954 0.844 0.994 0.18 0.046 0.156 0.006
80 18 12 16 18 16 4 0.85 0.68 0.916 1 0.15 0.32 0.084 0
200 46 28 32 19 75 4 0.334 0.476 0.142 0.998 0.666 0.524 0.858 0.002
170 30 36 30 36 38 4 0.618 0.29 0.71 0.992 0.382 0.71 0.29 0.008
290 52 59 33 24 122 4 0.562 0.352 0.15 1 0.438 0.648 0.85 0
80 16 4 18 22 20 4 0.522 0.9 0.668 1 0.478 0.1 0.332 0
200 41 31 23 49 56 4 0.496 0.676 0.842 0.996 0.504 0.324 0.158 0.004
140 39 13 18 29 41 4 0.004 0.32 0.522 0.996 0.996 0.68 0.478 0.004
170 33 18 25 40 54 4 0.032 0.102 0.592 1 0.968 0.898 0.408 0
200 48 16 46 36 54 4 0.026 0.314 0.186 0.994 0.974 0.686 0.814 0.006
80 17 13 18 15 17 4 0.954 0.902 0.648 1 0.046 0.098 0.352 0
410 87 67 21 42 193 0 0.064 0.034 0.044 0.976 0.936 0.966 0.956 0.024
410 92 111 30 46 131 4 0.584 0.228 0.11 0.996 0.416 0.772 0.89 0.004
200 42 33 18 50 57 4 0.784 0.154 0.954 1 0.216 0.846 0.046 0
170 37 33 36 32 32 4 0.596 0.894 0.448 0.994 0.404 0.106 0.552 0.006
140 27 28 20 31 34 4 0.534 0.636 0.696 0.992 0.466 0.364 0.304 0.008
80 8 11 17 22 22 4 0.986 0.452 0.958 0.996 0.014 0.548 0.042 0.004
50 14 7 11 8 10 4 0.932 0.772 0.38 1 0.068 0.228 0.62 0
170 38 30 20 28 54 4 0.346 0.262 0.256 0.996 0.654 0.738 0.744 0.004
110 27 17 15 17 34 4 0.878 0.266 0.516 0.998 0.122 0.734 0.484 0.002
200 37 21 48 16 78 4 0.208 0.732 0.094 1 0.792 0.268 0.906 0
140 21 21 30 35 33 4 0.766 0.574 0.852 1 0.234 0.426 0.148 0
230 50 61 31 22 66 4 0.488 0.156 0.394 0.992 0.512 0.844 0.606 0.008
80 17 16 14 17 16 4 0.252 0.508 0.874 1 0.748 0.492 0.126 0
80 18 11 15 13 23 4 0.328 0.692 0.362 0.992 0.672 0.308 0.638 0.008
50 11 10 7 13 9 4 0.304 0.97 0.262 0.996 0.696 0.03 0.738 0.004
170 23 20 39 40 48 4 0.378 0.854 0.74 0.996 0.622 0.146 0.26 0.004
290 55 15 85 39 96 4 0.108 0.494 0.19 0.992 0.892 0.506 0.81 0.008
230 55 30 49 27 69 4 0.576 0.716 0.36 0.996 0.424 0.284 0.64 0.004
80 16 14 19 11 20 4 0.582 0.254 0.02 0.992 0.418 0.746 0.98 0.008
200 36 31 29 13 91 4 0.624 0.392 0.078 0.998 0.376 0.608 0.922 0.002
110 25 16 14 23 32 4 0.366 0.32 0.182 0.996 0.634 0.68 0.818 0.004
50 12 10 9 13 6 4 0.77 0.398 0.86 0.992 0.23 0.602 0.14 0.008
290 60 30 21 53 126 4 0.096 0.036 0.366 0.994 0.904 0.964 0.634 0.006
200 34 30 25 45 66 4 0.632 0.708 0.958 0.998 0.368 0.292 0.042 0.002
200 41 43 29 42 45 4 0.924 0.51 0.952 0.992 0.076 0.49 0.048 0.008
200 30 23 16 52 79 4 0.462 0.486 0.63 0.996 0.538 0.514 0.37 0.004
290 64 38 29 38 121 4 0.19 0.516 0.548 0.994 0.81 0.484 0.452 0.006
80 11 18 22 13 16 4 0.802 0.742 0.93 1 0.198 0.258 0.07 0
170 30 20 20 18 82 4 0.172 0.12 0.19 0.996 0.828 0.88 0.81 0.004
260 53 71 51 12 73 4 0.814 0.59 0.112 0.992 0.186 0.41 0.888 0.008
140 34 20 16 21 49 4 0.392 0.372 0.742 0.998 0.608 0.628 0.258 0.002
110 17 18 25 17 33 4 0.642 0.7 0.618 0.998 0.358 0.3 0.382 0.002
50 13 10 10 9 8 4 0.76 0.672 0.548 1 0.24 0.328 0.452 0
50 7 12 7 13 11 -1 0.978 0.98 0.96 1 0.022 0.02 0.04 0
200 36 49 30 28 57 4 0.622 0.432 0.55 0.998 0.378 0.568 0.45 0.002
200 39 20 14 23 104 4 0.062 0.096 0.22 0.996 0.938 0.904 0.78 0.004
50 11 10 11 7 11 4 0.938 0.788 0.452 1 0.062 0.212 0.548 0
230 35 56 24 18 97 4 0.304 0.028 0.072 0.996 0.696 0.972 0.928 0.004
230 46 47 25 20 92 4 0.714 0.204 0.114 1 0.286 0.796 0.886 0
230 49 42 41 46 52 4 0.762 0.578 0.43 0.996 0.238 0.422 0.57 0.004
140 19 31 22 29 39 4 0.186 0.196 0.474 0.992 0.814 0.804 0.526 0.008
140 21 22 23 31 43 4 0.506 0.31 0.664 0.996 0.494 0.69 0.336 0.004
230 48 15 17 82 68 4 0.08 0.158 0.866 0.996 0.92 0.842 0.134 0.004
110 15 20 24 25 26 4 0.81 0.93 0.306 1 0.19 0.07 0.694 0
260 40 68 32 41 79 4 0.656 0.288 0.67 0.998 0.344 0.712 0.33 0.002
200 32 13 61 47 47 4 0.08 0.892 0.662 0.996 0.92 0.108 0.338 0.004
290 54 58 62 28 88 4 0.394 0.522 0.03 0.994 0.606 0.478 0.97 0.006
140 36 23 19 9 53 4 0.466 0.478 0.306 1 0.534 0.522 0.694 0
260 41 68 34 21 96 4 0.286 0.064 0.198 0.996 0.714 0.936 0.802 0.004
170 41 19 7 12 91 4 0.136 0.014 0.06 0.994 0.864 0.986 0.94 0.006
80 14 11 15 20 20 4 0.21 0.528 0.56 0.994 0.79 0.472 0.44 0.006
50 8 18 9 8 7 4 0.944 0.972 0.858 0.994 0.056 0.028 0.142 0.006
140 31 20 9 36 44 4 0.278 0.066 0.86 1 0.722 0.934 0.14 0
50 10 9 5 12 14 4 0.774 0.546 0.59 1 0.226 0.454 0.41 0
380 97 49 56 37 141 4 0.516 0.12 0.206 0.994 0.484 0.88 0.794 0.006
230 40 44 62 21 63 4 0.654 0.662 0.2 0.996 0.346 0.338 0.8 0.004
260 48 25 35 14 138 4 0.05 0.424 0.04 0.994 0.95 0.576 0.96 0.006
50 9 11 9 10 11 4 0.78 0.904 0.79 1 0.22 0.096 0.21 0
110 24 20 12 12 42 4 0.392 0.082 0.434 0.998 0.608 0.918 0.566 0.002
170 40 37 32 9 52 4 0.912 0.142 0.02 0.994 0.088 0.858 0.98 0.006
50 8 13 7 15 7 4 0.966 0.8 0.688 1 0.034 0.2 0.312 0
140 31 9 30 24 46 4 0.096 0.772 0.778 0.998 0.904 0.228 0.222 0.002
110 21 24 26 24 15 4 0.846 0.78 0.794 0.992 0.154 0.22 0.206 0.008
170 58 33 16 29 34 -1 0.982 0.946 0.902 1 0.018 0.054 0.098 0
50 11 6 12 9 12 4 0.938 0.808 0.89 0.996 0.062 0.192 0.11 0.004
200 45 56 18 31 50 4 0.806 0.144 0.524 0.998 0.194 0.856 0.476 0.002
80 20 17 21 12 10 4 0.828 0.8 0.844 0.998 0.172 0.2 0.156 0.002
50 9 8 9 13 11 4 0.88 0.99 0.866 0.994 0.12 0.01 0.134 0.006
320 79 39 67 33 102 4 0.194 0.338 0.39 1 0.806 0.662 0.61 0
110 10 13 25 23 39 4 0.356 0.648 0.61 0.992 0.644 0.352 0.39 0.008
140 33 8 15 35 49 4 0.004 0.292 0.554 1 0.996 0.708 0.446 0
110 22 14 25 20 29 4 0.52 0.762 0.848 0.992 0.48 0.238 0.152 0.008
140 29 29 23 22 37 4 0.334 0.088 0.476 0.998 0.666 0.912 0.524 0.002
320 66 69 50 65 70 4 0.686 0.8 0.752 0.998 0.314 0.2 0.248 0.002
140 29 30 18 35 28 4 0.84 0.718 0.906 0.994 0.16 0.282 0.094 0.006
110 21 14 16 31 28 4 0.114 0.224 0.708 0.996 0.886 0.776 0.292 0.004
140 23 35 15 38 29 4 0.556 0.45 0.69 0.996 0.444 0.55 0.31 0.004
290 51 35 54 29 121 4 0.486 0.392 0.26 0.998 0.514 0.608 0.74 0.002
200 39 52 42 24 43 4 0.874 0.844 0.608 1 0.126 0.156 0.392 0
110 25 11 24 19 31 4 0.354 0.74 0.364 1 0.646 0.26 0.636 0
260 59 22 18 30 131 4 0.102 0.088 0.574 0.992 0.898 0.912 0.426 0.008
260 50 15 32 46 117 4 0.016 0.314 0.25 0.994 0.984 0.686 0.75 0.006
320 64 47 58 46 105 4 0.356 0.548 0.476 0.992 0.644 0.452 0.524 0.008
50 12 10 8 7 13 4 0.374 0.282 0.594 0.992 0.626 0.718 0.406 0.008
110 20 30 15 26 19 4 0.91 0.804 0.966 0.994 0.09 0.196 0.034 0.006
50 11 8 6 14 11 4 0.974 0.772 0.918 0.996 0.026 0.228 0.082 0.004
200 41 24 43 24 68 4 0.318 0.522 0.22 0.998 0.682 0.478 0.78 0.002
290 63 56 62 37 72 4 0.602 0.914 0.524 0.996 0.398 0.086 0.476 0.004
200 40 20 25 15 100 4 0.06 0.014 0.066 0.998 0.94 0.986 0.934 0.002
140 25 37 27 22 29 4 0.798 0.772 0.808 0.992 0.202 0.228 0.192 0.008
80 21 19 14 11 15 4 0.61 0.708 0.074 1 0.39 0.292 0.926 0
170 40 26 45 21 38 4 0.666 0.88 0.7 0.996 0.334 0.12 0.3 0.004
110 19 17 23 29 22 4 0.214 0.378 0.528 0.996 0.786 0.622 0.472 0.004
50 14 8 10 8 10 4 0.432 0.778 0.976 1 0.568 0.222 0.024 0
110 20 19 21 15 35 4 0.246 0.544 0.59 0.992 0.754 0.456 0.41 0.008
260 60 45 50 52 53 4 0.53 0.26 0.682 0.998 0.47 0.74 0.318 0.002
170 31 29 29 39 42 4 0.584 0.74 0.898 0.994 0.416 0.26 0.102 0.006
80 15 20 10 17 18 -1 0.938 0.96 0.914 0.99 0.062 0.04 0.086 0.01
350 53 28 90 26 153 4 0.106 0.242 0.052 0.992 0.894 0.758 0.948 0.008
80 13 21 12 18 16 4 0.85 0.624 0.766 0.998 0.15 0.376 0.234 0.002
260 54 34 19 35 118 4 0.434 0.008 0.612 0.998 0.566 0.992 0.388 0.002
110 23 18 22 19 28 4 0.148 0.652 0.884 1 0.852 0.348 0.116 0
110 25 28 19 3 35 4 0.822 0.798 0.264 0.994 0.178 0.202 0.736 0.006
230 58 38 21 20 93 4 0.122 0.16 0.038 0.996 0.878 0.84 0.962 0.004
200 44 30 41 28 57 4 0.444 0.606 0.412 0.998 0.556 0.394 0.588 0.002
170 33 36 31 30 40 4 0.914 0.678 0.594 1 0.086 0.322 0.406 0
170 32 34 34 27 43 4 0.912 0.322 0.452 0.992 0.088 0.678 0.548 0.008
290 57 19 28 15 171 4 0.08 0.084 0.166 0.998 0.92 0.916 0.834 0.002
350 87 55 30 47 131 4 0.208 0.136 0.39 1 0.792 0.864 0.61 0
140 19 24 32 31 34 4 0.72 0.604 0.686 1 0.28 0.396 0.314 0
230 32 18 47 44 89 4 0.246 0.502 0.358 0.998 0.754 0.498 0.642 0.002
290 56 69 58 61 46 4 0.916 0.69 0.818 0.996 0.084 0.31 0.182 0.004
230 44 31 35 31 89 4 0.314 0.35 0.412 0.992 0.686 0.65 0.588 0.008
140 24 36 27 19 34 4 0.988 0.748 0.568 0.992 0.012 0.252 0.432 0.008
260 46 32 22 42 118 4 0.312 0.1 0.566 0.992 0.688 0.9 0.434 0.008
170 41 42 17 21 49 4 0.726 0.66 0.36 0.996 0.274 0.34 0.64 0.004
80 22 12 11 16 19 4 0.32 0.34 0.456 1 0.68 0.66 0.544 0
320 65 18 55 74 108 4 0.422 0.5 0.59 1 0.578 0.5 0.41 0
50 12 13 5 9 11 4 0.9 0.86 0.442 0.994 0.1 0.14 0.558 0.006
290 56 47 71 28 88 4 0.412 0.546 0.13 0.998 0.588 0.454 0.87 0.002
80 26 13 9 14 18 4 0.6 0.084 0.23 0.998 0.4 0.916 0.77 0.002
110 17 26 29 22 16 4 0.612 0.736 0.806 1 0.388 0.264 0.194 0
80 16 21 15 11 17 4 0.798 0.748 0.934 0.996 0.202 0.252 0.066 0.004
140 31 28 24 27 30 4 0.948 0.654 0.874 0.998 0.052 0.346 0.126 0.002
350 66 57 45 58 124 4 0.552 0.252 0.238 0.998 0.448 0.748 0.762 0.002
80 19 12 6 22 21 4 0.5 0.144 0.408 0.994 0.5 0.856 0.592 0.006
170 44 16 33 28 49 4 0.584 0.38 0.806 0.992 0.416 0.62 0.194 0.008
170 27 14 35 34 60 4 0.172 0.356 0.512 0.994 0.828 0.644 0.488 0.006
290 66 42 48 67 67 4 0.396 0.266 0.54 0.996 0.604 0.734 0.46 0.004
80 13 24 15 14 14 4 0.88 0.72 0.97 1 0.12 0.28 0.03 0
380 78 43 27 17 215 4 0.128 0.056 0.042 0.994 0.872 0.944 0.958 0.006
140 25 29 28 15 43 4 0.712 0.786 0.288 0.998 0.288 0.214 0.712 0.002
230 39 24 56 30 81 4 0.266 0.478 0.218 0.992 0.734 0.522 0.782 0.008
380 87 62 84 47 100 4 0.33 0.73 0.334 0.992 0.67 0.27 0.666 0.008
410 91 66 24 71 158 4 0.102 0.01 0.4 0.992 0.898 0.99 0.6 0.008
200 41 16 30 39 74 4 0.04 0.372 0.256 0.992 0.96 0.628 0.744 0.008
170 36 17 19 23 75 4 0.044 0.082 0.228 1 0.956 0.918 0.772 0
50 11 10 7 13 9 4 0.912 0.422 0.292 0.992 0.088 0.578 0.708 0.008
50 6 8 14 12 10 4 0.96 0.538 0.782 0.998 0.04 0.462 0.218 0.002
80 17 17 15 8 23 4 0.364 0.266 0.148 0.992 0.636 0.734 0.852 0.008
80 24 8 18 6 24 4 0.588 0.486 0.16 0.998 0.412 0.514 0.84 0.002
110 24 13 25 16 32 4 0.082 0.532 0.434 0.996 0.918 0.468 0.566 0.004
200 45 21 38 31 65 4 0.482 0.312 0.35 0.996 0.518 0.688 0.65 0.004
50 12 8 15 7 8 4 0.976 0.902 0.102 0.992 0.024 0.098 0.898 0.008
410 82 13 30 18 267 0 0.006 0.09 0.006 0.988 0.994 0.91 0.994 0.012
140 32 28 17 24 39 4 0.33 0.178 0.436 1 0.67 0.822 0.564 0
230 50 18 37 32 93 4 0.094 0.146 0.086 0.998 0.906 0.854 0.914 0.002
200 44 39 39 29 49 4 0.364 0.586 0.28 0.994 0.636 0.414 0.72 0.006
110 21 19 25 11 34 4 0.524 0.944 0.242 0.992 0.476 0.056 0.758 0.008
80 15 19 10 17 19 4 0.848 0.878 0.856 0.994 0.152 0.122 0.144 0.006
140 22 21 35 28 34 4 0.664 0.88 0.888 0.992 0.336 0.12 0.112 0.008
80 26 9 16 12 17 4 0.236 0.854 0.302 0.998 0.764 0.146 0.698 0.002
110 29 6 17 23 35 4 0.02 0.284 0.968 0.998 0.98 0.716 0.032 0.002
50 7 9 13 7 14 4 0.894 0.966 0.972 0.998 0.106 0.034 0.028 0.002
230 51 42 9 19 109 4 0.292 0.058 0.062 1 0.708 0.942 0.938 0
200 42 46 14 23 75 4 0.848 0.012 0.086 1 0.152 0.988 0.914 0
140 30 12 23 32 43 4 0.096 0.086 0.522 1 0.904 0.914 0.478 0
260 51 23 11 39 136 4 0.058 0.082 0.458 0.992 0.942 0.918 0.542 0.008
80 15 21 9 13 22 4 0.922 0.044 0.452 1 0.078 0.956 0.548 0
110 21 19 27 19 24 4 0.84 0.822 0.822 1 0.16 0.178 0.178 0
170 27 38 31 31 43 4 0.682 0.818 0.672 1 0.318 0.182 0.328 0
170 37 30 34 32 37 4 0.902 0.652 0.774 0.998 0.098 0.348 0.226 0.002
170 37 10 27 15 81 4 0.03 0.21 0.026 0.996 0.97 0.79 0.974 0.004
200 50 31 15 21 83 4 0.126 0.014 0.046 0.996 0.874 0.986 0.954 0.004
380 75 63 72 89 81 4 0.458 0.482 0.574 0.998 0.542 0.518 0.426 0.002
320 68 36 76 27 113 4 0.132 0.302 0.134 0.992 0.868 0.698 0.866 0.008
200 44 10 54 33 59 4 0.116 0.79 0.34 0.992 0.884 0.21 0.66 0.008
110 25 21 20 8 36 4 0.65 0.54 0.362 0.994 0.35 0.46 0.638 0.006
50 8 12 7 9 14 4 0.542 0.186 0.73 0.992 0.458 0.814 0.27 0.008
140 27 41 25 13 34 4 0.454 0.584 0.312 0.992 0.546 0.416 0.688 0.008
170 29 23 32 35 51 4 0.548 0.774 0.636 1 0.452 0.226 0.364 0
230 48 9 28 37 108 4 0.076 0.052 0.152 1 0.924 0.948 0.848 0
50 12 7 12 12 7 2 0.658 1 0.982 0.998 0.342 0 0.018 0.002
80 12 17 19 17 15 -1 0.952 0.94 0.996 1 0.048 0.06 0.004 0
50 11 14 5 12 8 4 0.518 0.136 0.96 0.996 0.482 0.864 0.04 0.004
200 32 28 15 39 86 4 0.688 0.134 0.472 0.996 0.312 0.866 0.528 0.004
410 87 45 39 30 209 0 0.044 0.008 0.046 0.85 0.956 0.992 0.954 0.15
80 16 12 18 13 21 4 0.476 0.14 0.598 1 0.524 0.86 0.402 0
140 26 14 21 17 62 4 0.286 0.538 0.228 1 0.714 0.462 0.772 0
80 19 11 8 15 27 4 0.28 0.438 0.63 0.996 0.72 0.562 0.37 0.004
80 12 11 20 17 20 4 0.896 0.886 0.52 0.998 0.104 0.114 0.48 0.002
140 24 27 16 21 52 4 0.456 0.508 0.56 0.998 0.544 0.492 0.44 0.002
170 39 34 10 22 65 4 0.63 0.04 0.524 1 0.37 0.96 0.476 0
110 22 17 32 15 24 4 0.384 0.446 0.48 0.996 0.616 0.554 0.52 0.004
290 57 33 30 20 150 4 0.094 0.11 0.204 1 0.906 0.89 0.796 0
260 48 32 53 16 111 4 0.144 0.724 0.364 0.992 0.856 0.276 0.636 0.008
110 23 17 13 16 41 4 0.206 0.146 0.314 0.992 0.794 0.854 0.686 0.008
230 51 32 55 39 53 4 0.15 0.69 0.33 0.998 0.85 0.31 0.67 0.002
110 16 10 15 20 49 4 0.23 0.402 0.662 1 0.77 0.598 0.338 0
80 18 19 11 12 20 4 0.894 0.186 0.302 0.996 0.106 0.814 0.698 0.004
140 25 31 33 23 28 4 0.988 0.986 0.862 0.992 0.012 0.014 0.138 0.008
410 79 76 81 26 148 0 0.278 0.178 0.01 0.988 0.722 0.822 0.99 0.012
200 49 26 24 21 80 4 0.496 0.156 0.29 1 0.504 0.844 0.71 0
80 14 16 16 15 19 4 0.756 0.85 0.338 0.996 0.244 0.15 0.662 0.004
50 12 8 12 13 5 4 0.566 0.404 0.68 1 0.434 0.596 0.32 0
260 57 24 28 22 129 4 0.194 0.226 0.034 0.998 0.806 0.774 0.966 0.002
110 26 18 15 29 22 4 0.966 0.306 0.47 0.996 0.034 0.694 0.53 0.004
50 11 10 10 10 9 3 0.592 0.97 0.998 0.986 0.408 0.03 0.002 0.014
80 15 15 20 15 15 4 0.64 0.652 0.884 1 0.36 0.348 0.116 0
110 30 20 17 14 29 4 0.858 0.83 0.466 0.994 0.142 0.17 0.534 0.006
260 52 49 17 37 105 4 0.95 0.088 0.258 0.994 0.05 0.912 0.742 0.006
290 65 44 69 38 74 4 0.332 0.406 0.748 0.996 0.668 0.594 0.252 0.004
410 74 77 29 30 200 0 0.1 0.03 0.01 0.912 0.9 0.97 0.99 0.088
200 45 6 44 31 74 4 0.016 0.406 0.108 0.998 0.984 0.594 0.892 0.002
290 52 20 25 66 127 4 0.026 0.144 0.642 1 0.974 0.856 0.358 0
50 13 11 13 4 9 4 0.702 0.34 0.26 0.994 0.298 0.66 0.74 0.006
170 46 17 33 13 61 4 0.074 0.118 0.07 1 0.926 0.882 0.93 0
230 41 43 42 42 62 4 0.328 0.306 0.262 0.996 0.672 0.694 0.738 0.004
410 74 21 71 86 158 0 0.03 0.296 0.446 0.958 0.97 0.704 0.554 0.042
200 37 55 28 34 46 4 0.65 0.662 0.868 1 0.35 0.338 0.132 0
50 11 3 12 9 15 4 0.358 0.692 0.508 1 0.642 0.308 0.492 0
80 19 10 17 18 16 4 0.212 0.882 0.776 0.998 0.788 0.118 0.224 0.002
140 31 29 21 20 39 4 0.554 0.614 0.858 0.996 0.446 0.386 0.142 0.004
260 55 11 53 59 82 4 0.132 0.538 0.944 0.992 0.868 0.462 0.056 0.008
170 28 30 25 34 53 4 0.39 0.448 0.198 0.994 0.61 0.552 0.802 0.006
350 69 63 41 20 157 4 0.178 0.504 0.052 0.998 0.822 0.496 0.948 0.002
230 53 44 44 16 73 4 0.46 0.522 0.064 0.998 0.54 0.478 0.936 0.002
140 31 16 25 9 59 4 0.048 0.05 0.006 0.998 0.952 0.95 0.994 0.002
110 23 21 22 17 27 4 0.898 0.258 0.978 1 0.102 0.742 0.022 0
200 45 21 36 20 78 4 0.052 0.098 0.006 0.998 0.948 0.902 0.994 0.002
80 20 20 11 13 16 4 0.926 0.786 0.288 1 0.074 0.214 0.712 0
170 46 25 35 26 38 4 0.776 0.38 0.518 1 0.224 0.62 0.482 0
140 29 18 27 16 50 4 0.722 0.27 0.31 0.994 0.278 0.73 0.69 0.006
200 46 48 12 27 67 4 0.808 0.042 0.128 0.996 0.192 0.958 0.872 0.004
290 52 67 20 14 137 4 0.408 0.102 0.31 0.998 0.592 0.898 0.69 0.002
230 52 55 18 43 62 4 0.512 0.022 0.514 0.998 0.488 0.978 0.486 0.002
410 63 87 35 74 151 0 0.23 0.022 0.238 0.97 0.77 0.978 0.762 0.03
50 8 9 7 13 13 4 0.79 0.77 0.914 0.996 0.21 0.23 0.086 0.004
290 51 44 32 33 130 4 0.072 0.164 0.014 0.994 0.928 0.836 0.986 0.006
200 45 31 32 26 66 4 0.04 0.12 0.116 0.992 0.96 0.88 0.884 0.008
170 42 33 36 35 24 4 0.878 0.94 0.97 1 0.122 0.06 0.03 0
350 66 42 64 70 108 4 0.17 0.626 0.33 0.994 0.83 0.374 0.67 0.006
380 87 58 32 19 184 4 0.146 0.14 0.028 0.994 0.854 0.86 0.972 0.006
50 8 16 10 4 12 4 0.988 0.894 0.416 0.996 0.012 0.106 0.584 0.004
170 35 35 30 13 57 4 0.206 0.178 0.078 0.994 0.794 0.822 0.922 0.006
350 71 12 50 15 202 4 0.008 0.188 0.008 0.996 0.992 0.812 0.992 0.004
140 30 32 28 8 42 4 0.78 0.864 0.074 0.992 0.22 0.136 0.926 0.008
50 6 15 9 8 12 4 0.898 0.408 0.92 0.996 0.102 0.592 0.08 0.004
290 67 20 16 39 148 4 0.052 0.022 0.066 0.998 0.948 0.978 0.934 0.002
230 38 18 44 54 76 4 0.056 0.33 0.77 0.994 0.944 0.67 0.23 0.006
80 16 21 14 15 14 4 0.852 0.816 0.614 0.998 0.148 0.184 0.386 0.002
320 68 29 54 48 121 4 0.226 0.78 0.302 1 0.774 0.22 0.698 0
170 32 20 30 29 59 4 0.302 0.27 0.274 0.994 0.698 0.73 0.726 0.006
350 60 22 40 38 190 4 0.086 0.454 0.262 1 0.914 0.546 0.738 0
290 58 44 22 19 147 4 0.25 0.094 0.028 0.992 0.75 0.906 0.972 0.008
170 36 15 29 21 69 4 0.25 0.438 0.518 0.992 0.75 0.562 0.482 0.008
200 41 30 32 21 76 4 0.066 0.052 0.02 0.998 0.934 0.948 0.98 0.002
230 46 17 39 47 81 4 0.208 0.224 0.364 0.992 0.792 0.776 0.636 0.008
320 60 42 32 29 157 4 0.126 0.03 0.042 0.996 0.874 0.97 0.958 0.004
140 30 25 13 13 59 4 0.698 0.162 0.11 0.998 0.302 0.838 0.89 0.002
50 11 8 11 10 10 4 0.69 0.488 0.564 0.992 0.31 0.512 0.436 0.008
140 26 29 28 21 36 4 0.898 0.49 0.492 0.996 0.102 0.51 0.508 0.004
170 34 25 14 35 62 4 0.66 0.384 0.692 0.996 0.34 0.616 0.308 0.004
170 41 19 24 19 67 4 0.356 0.412 0.086 0.998 0.644 0.588 0.914 0.002
410 96 67 85 56 106 4 0.22 0.904 0.084 1 0.78 0.096 0.916 0
230 48 46 25 31 80 4 0.724 0.454 0.536 1 0.276 0.546 0.464 0
200 54 32 20 21 73 4 0.218 0.228 0.132 0.998 0.782 0.772 0.868 0.002
230 52 8 50 54 66 4 0.038 0.69 0.744 0.994 0.962 0.31 0.256 0.006
200 41 36 44 49 30 4 0.424 0.968 0.726 0.994 0.576 0.032 0.274 0.006
110 27 22 11 25 25 4 0.352 0.132 0.582 0.994 0.648 0.868 0.418 0.006
140 26 31 28 6 49 4 0.276 0.456 0.034 0.998 0.724 0.544 0.966 0.002
110 24 17 18 23 28 4 0.986 0.772 0.722 1 0.014 0.228 0.278 0
200 45 27 39 38 51 4 0.464 0.574 0.498 0.998 0.536 0.426 0.502 0.002
50 12 8 7 11 12 -1 0.962 0.954 0.972 0.994 0.038 0.046 0.028 0.006
80 20 19 9 17 15 4 0.714 0.294 0.764 0.998 0.286 0.706 0.236 0.002
110 14 23 21 22 30 4 0.29 0.452 0.45 1 0.71 0.548 0.55 0
200 45 51 29 42 33 4 0.894 0.896 0.826 1 0.106 0.104 0.174 0
290 72 32 18 24 144 4 0.132 0.21 0.146 0.998 0.868 0.79 0.854 0.002
170 40 35 13 39 43 4 0.632 0.016 0.72 0.998 0.368 0.984 0.28 0.002
230 39 46 44 31 70 4 0.49 0.92 0.78 1 0.51 0.08 0.22 0
170 37 26 38 24 45 4 0.874 0.608 0.572 1 0.126 0.392 0.428 0
80 18 9 10 20 23 4 0.076 0.27 0.87 0.996 0.924 0.73 0.13 0.004
230 36 36 14 21 123 4 0.364 0.07 0.116 0.996 0.636 0.93 0.884 0.004
80 18 6 15 20 21 3 0.232 0.676 0.992 0.962 0.768 0.324 0.008 0.038
50 12 12 9 10 7 4 0.936 0.686 0.748 0.992 0.064 0.314 0.252 0.008
140 23 15 19 25 58 4 0.164 0.504 0.788 0.996 0.836 0.496 0.212 0.004
110 22 18 17 23 30 4 0.486 0.624 0.734 0.998 0.514 0.376 0.266 0.002
140 32 28 19 33 28 4 0.94 0.496 0.914 0.998 0.06 0.504 0.086 0.002
80 18 15 17 13 17 4 0.936 0.984 0.724 1 0.064 0.016 0.276 0
350 79 42 41 32 156 4 0.34 0.154 0.166 0.994 0.66 0.846 0.834 0.006
410 88 77 38 68 139 0 0.248 0.12 0.568 0.954 0.752 0.88 0.432 0.046
410 92 85 35 22 176 0 0.172 0.026 0.008 0.962 0.828 0.974 0.992 0.038
410 89 48 97 24 152 4 0.194 0.302 0.106 0.998 0.806 0.698 0.894 0.002
170 38 24 20 41 47 4 0.834 0.332 0.764 0.996 0.166 0.668 0.236 0.004
320 54 45 49 65 107 4 0.196 0.254 0.628 0.996 0.804 0.746 0.372 0.004
140 26 26 22 14 52 4 0.176 0.28 0.108 0.996 0.824 0.72 0.892 0.004
140 19 26 22 29 44 4 0.542 0.542 0.49 0.998 0.458 0.458 0.51 0.002
410 95 10 74 78 153 4 0.01 0.27 0.206 1 0.99 0.73 0.794 0
410 98 92 17 80 123 0 0.484 0.03 0.346 0.978 0.516 0.97 0.654 0.022
260 61 25 30 33 111 4 0.334 0.498 0.29 1 0.666 0.502 0.71 0
200 37 41 21 30 71 4 0.452 0.068 0.24 0.994 0.548 0.932 0.76 0.006
140 23 22 29 27 39 4 0.568 0.846 0.792 0.998 0.432 0.154 0.208 0.002
200 34 22 27 16 101 4 0.02 0.116 0.066 0.994 0.98 0.884 0.934 0.006
80 17 17 17 10 19 4 0.392 0.6 0.252 0.998 0.608 0.4 0.748 0.002
290 58 28 22 29 153 4 0.088 0.054 0.132 0.998 0.912 0.946 0.868 0.002
290 56 39 57 59 79 4 0.278 0.426 0.292 0.992 0.722 0.574 0.708 0.008
110 25 24 18 21 22 4 0.818 0.862 0.254 0.998 0.182 0.138 0.746 0.002
50 9 8 10 12 11 4 0.666 0.62 0.89 0.994 0.334 0.38 0.11 0.006
170 43 31 29 34 33 4 0.448 0.518 0.892 0.998 0.552 0.482 0.108 0.002
290 47 44 56 42 101 4 0.158 0.71 0.214 0.998 0.842 0.29 0.786 0.002
320 60 50 42 47 121 4 0.6 0.274 0.372 0.996 0.4 0.726 0.628 0.004
230 46 16 37 29 102 4 0.054 0.11 0.19 0.998 0.946 0.89 0.81 0.002
410 87 36 63 33 191 0 0.028 0.048 0.006 0.962 0.972 0.952 0.994 0.038
110 22 17 27 16 28 4 0.476 0.548 0.228 0.996 0.524 0.452 0.772 0.004
140 36 22 25 29 28 4 0.392 0.576 0.88 1 0.608 0.424 0.12 0
50 11 6 12 12 9 4 0.948 0.826 0.628 1 0.052 0.174 0.372 0
80 17 12 19 10 22 4 0.804 0.666 0.432 0.994 0.196 0.334 0.568 0.006
260 49 25 67 43 76 4 0.13 0.642 0.758 0.992 0.87 0.358 0.242 0.008
200 44 32 42 14 68 4 0.49 0.332 0.08 0.992 0.51 0.668 0.92 0.008
140 28 16 14 37 45 4 0.44 0.12 0.63 1 0.56 0.88 0.37 0
260 45 74 37 27 77 4 0.82 0.32 0.288 1 0.18 0.68 0.712 0
80 14 10 16 13 27 4 0.41 0.578 0.712 1 0.59 0.422 0.288 0
80 17 14 24 2 23 4 0.51 0.774 0.122 0.996 0.49 0.226 0.878 0.004
50 9 14 10 9 8 4 0.86 0.924 0.848 1 0.14 0.076 0.152 0
260 53 19 25 33 130 4 0.104 0.014 0.078 0.996 0.896 0.986 0.922 0.004
110 28 27 24 13 18 4 0.704 0.856 0.428 0.996 0.296 0.144 0.572 0.004
170 40 11 11 24 84 4 0.018 0.016 0.226 1 0.982 0.984 0.774 0
230 51 34 59 24 62 4 0.232 0.878 0.208 0.992 0.768 0.122 0.792 0.008
170 34 18 23 42 53 4 0.122 0.234 0.48 0.994 0.878 0.766 0.52 0.006
230 36 29 28 46 91 4 0.136 0.356 0.38 0.994 0.864 0.644 0.62 0.006
170 35 51 26 6 52 4 0.39 0.188 0.016 1 0.61 0.812 0.984 0
410 70 29 27 104 180 0 0.198 0.616 0.478 0.982 0.802 0.384 0.522 0.018
230 54 36 29 39 72 4 0.434 0.306 0.89 0.996 0.566 0.694 0.11 0.004
170 34 29 30 28 49 4 0.358 0.444 0.414 0.996 0.642 0.556 0.586 0.004
80 18 17 13 17 15 4 0.73 0.93 0.842 0.998 0.27 0.07 0.158 0.002
200 34 55 26 27 58 4 0.388 0.1 0.42 0.992 0.612 0.9 0.58 0.008
380 76 31 106 84 83 4 0.39 0.66 0.578 1 0.61 0.34 0.422 0
260 53 43 51 43 70 4 0.24 0.468 0.448 0.996 0.76 0.532 0.552 0.004
50 11 8 8 11 12 4 0.396 0.786 0.67 0.998 0.604 0.214 0.33 0.002
170 40 9 30 47 44 4 0.07 0.314 0.77 0.992 0.93 0.686 0.23 0.008
80 19 15 12 21 13 4 0.89 0.708 0.796 0.996 0.11 0.292 0.204 0.004
230 41 42 26 48 73 4 0.506 0.094 0.512 1 0.494 0.906 0.488 0
260 50 59 58 30 63 4 0.718 0.782 0.13 0.994 0.282 0.218 0.87 0.006
80 17 22 12 17 12 4 0.852 0.71 0.898 0.992 0.148 0.29 0.102 0.008
140 20 30 24 30 36 4 0.5 0.518 0.34 0.996 0.5 0.482 0.66 0.004
110 25 21 18 21 25 4 0.274 0.41 0.356 0.996 0.726 0.59 0.644 0.004
230 48 19 27 34 102 4 0.004 0.18 0.096 1 0.996 0.82 0.904 0
80 13 12 14 21 20 4 0.234 0.442 0.702 1 0.766 0.558 0.298 0
170 27 34 30 42 37 4 0.596 0.6 0.626 0.996 0.404 0.4 0.374 0.004
80 11 29 13 15 12 4 0.6 0.752 0.864 0.998 0.4 0.248 0.136 0.002
50 7 7 11 12 13 4 0.506 0.488 0.676 1 0.494 0.512 0.324 0
110 22 18 16 27 27 4 0.528 0.214 0.772 0.996 0.472 0.786 0.228 0.004
170 33 26 13 43 55 4 0.516 0.246 0.784 0.994 0.484 0.754 0.216 0.006
260 54 15 68 33 90 4 0.088 0.654 0.29 0.998 0.912 0.346 0.71 0.002
140 31 22 15 26 46 4 0.102 0.54 0.584 0.996 0.898 0.46 0.416 0.004
170 33 27 19 30 61 4 0.17 0.03 0.074 0.996 0.83 0.97 0.926 0.004
110 23 13 15 22 37 4 0.536 0.916 0.906 1 0.464 0.084 0.094 0
110 22 26 18 7 37 4 0.106 0.406 0.14 0.998 0.894 0.594 0.86 0.002
200 36 53 33 23 55 4 0.626 0.704 0.276 1 0.374 0.296 0.724 0
50 9 9 8 10 14 4 0.828 0.948 0.976 0.998 0.172 0.052 0.024 0.002
260 38 21 43 27 131 4 0.024 0.458 0.144 1 0.976 0.542 0.856 0
170 29 19 33 42 47 4 0.836 0.892 0.97 0.998 0.164 0.108 0.03 0.002
140 22 31 33 19 35 4 0.77 0.888 0.42 0.996 0.23 0.112 0.58 0.004
110 17 13 20 19 41 4 0.43 0.59 0.706 0.992 0.57 0.41 0.294 0.008
410 83 69 101 37 120 0 0.338 0.366 0.04 0.832 0.662 0.634 0.96 0.168
140 29 29 23 27 32 -1 0.97 0.912 0.984 0.996 0.03 0.088 0.016 0.004
200 57 41 42 5 55 4 0.264 0.448 0.036 0.994 0.736 0.552 0.964 0.006
290 61 42 22 28 137 4 0.084 0.018 0.068 0.992 0.916 0.982 0.932 0.008
200 37 19 36 44 64 4 0.114 0.654 0.38 0.996 0.886 0.346 0.62 0.004
50 15 9 6 6 14 4 0.89 0.344 0.844 1 0.11 0.656 0.156 0
80 12 15 19 17 17 4 0.636 0.27 0.338 0.996 0.364 0.73 0.662 0.004
290 57 30 58 69 76 4 0.336 0.304 0.578 0.998 0.664 0.696 0.422 0.002
80 16 12 16 21 15 3 0.746 0.936 1 0.998 0.254 0.064 0 0.002
140 28 24 20 25 43 4 0.87 0.45 0.862 0.998 0.13 0.55 0.138 0.002
110 21 22 14 14 39 4 0.61 0.152 0.096 0.996 0.39 0.848 0.904 0.004
230 47 40 18 34 91 4 0.336 0.102 0.13 0.998 0.664 0.898 0.87 0.002
80 15 7 17 18 23 4 0.282 0.624 0.33 0.994 0.718 0.376 0.67 0.006
80 14 18 17 17 14 4 0.46 0.932 0.934 0.994 0.54 0.068 0.066 0.006
50 14 10 7 7 12 4 0.746 0.302 0.616 0.992 0.254 0.698 0.384 0.008
140 31 15 24 26 44 4 0.29 0.45 0.31 0.994 0.71 0.55 0.69 0.006
110 19 23 21 5 42 4 0.094 0.566 0.01 0.992 0.906 0.434 0.99 0.008
320 73 10 18 24 195 4 0.008 0.01 0.024 0.992 0.992 0.99 0.976 0.008
80 20 12 9 18 21 4 0.416 0.872 0.51 0.992 0.584 0.128 0.49 0.008
140 24 18 10 32 56 4 0.132 0.088 0.192 0.998 0.868 0.912 0.808 0.002
200 35 15 46 39 65 4 0.036 0.33 0.306 0.994 0.964 0.67 0.694 0.006
170 41 26 26 28 49 4 0.832 0.864 0.736 1 0.168 0.136 0.264 0
230 41 29 54 41 65 4 0.222 0.762 0.436 0.992 0.778 0.238 0.564 0.008
410 70 51 69 14 206 4 0.178 0.144 0.01 1 0.822 0.856 0.99 0
110 25 15 15 27 28 4 0.68 0.018 0.188 0.992 0.32 0.982 0.812 0.008
140 25 23 18 30 44 4 0.968 0.33 0.548 0.994 0.032 0.67 0.452 0.006
50 13 10 13 8 6 4 0.838 0.602 0.534 0.994 0.162 0.398 0.466 0.006
110 22 14 29 8 37 4 0.006 0.448 0.042 0.994 0.994 0.552 0.958 0.006
260 40 20 39 33 128 4 0.282 0.336 0.274 0.994 0.718 0.664 0.726 0.006
80 13 15 13 18 21 4 0.4 0.704 0.898 0.994 0.6 0.296 0.102 0.006
260 44 18 31 68 99 4 0.052 0.158 0.334 0.998 0.948 0.842 0.666 0.002
110 36 13 24 15 22 4 0.592 0.552 0.226 1 0.408 0.448 0.774 0
50 11 8 13 11 7 4 0.922 0.416 0.414 1 0.078 0.584 0.586 0
170 39 27 26 37 41 4 0.742 0.664 0.736 1 0.258 0.336 0.264 0
50 15 9 10 8 8 4 0.46 0.626 0.782 0.998 0.54 0.374 0.218 0.002
230 33 34 36 38 89 4 0.476 0.448 0.272 0.996 0.524 0.552 0.728 0.004
200 32 14 33 26 95 4 0.096 0.214 0.044 0.996 0.904 0.786 0.956 0.004
260 56 49 13 57 85 4 0.274 0.254 0.7 0.996 0.726 0.746 0.3 0.004
230 39 59 40 13 79 4 0.7 0.556 0.016 1 0.3 0.444 0.984 0
170 37 8 41 16 68 4 0.038 0.436 0.264 0.996 0.962 0.564 0.736 0.004
50 7 11 6 10 16 4 0.86 0.506 0.66 0.994 0.14 0.494 0.34 0.006
410 80 75 130 44 81 0 0.424 0.45 0.296 0.956 0.576 0.55 0.704 0.044
230 46 35 32 27 90 4 0.57 0.62 0.428 1 0.43 0.38 0.572 0
200 35 47 20 55 43 4 0.95 0.19 0.942 0.998 0.05 0.81 0.058 0.002
200 34 16 30 41 79 4 0.31 0.396 0.57 1 0.69 0.604 0.43 0
230 43 37 38 45 67 4 0.662 0.624 0.5 0.994 0.338 0.376 0.5 0.006
50 6 14 14 10 6 4 0.64 0.826 0.78 0.992 0.36 0.174 0.22 0.008
200 46 56 31 19 48 4 0.894 0.408 0.134 0.998 0.106 0.592 0.866 0.002
290 57 39 33 16 145 4 0.13 0.17 0.02 0.996 0.87 0.83 0.98 0.004
50 13 11 11 5 10 4 0.496 0.432 0.558 1 0.504 0.568 0.442 0
170 39 18 12 45 56 4 0.302 0.006 0.51 0.994 0.698 0.994 0.49 0.006
350 62 73 42 33 140 4 0.372 0.192 0.392 0.998 0.628 0.808 0.608 0.002
50 14 9 10 10 7 4 0.324 0.26 0.796 0.996 0.676 0.74 0.204 0.004
50 11 9 10 9 11 -1 0.972 0.952 0.904 0.994 0.028 0.048 0.096 0.006
50 10 7 9 14 10 4 0.796 0.68 0.804 1 0.204 0.32 0.196 0
410 71 66 98 37 138 0 0.2 0.282 0.174 0.988 0.8 0.718 0.826 0.012
50 9 6 12 11 12 4 0.176 0.824 0.962 0.992 0.824 0.176 0.038 0.008
170 31 43 34 22 40 4 0.73 0.908 0.218 0.998 0.27 0.092 0.782 0.002
110 17 15 30 21 27 4 0.374 0.91 0.64 0.992 0.626 0.09 0.36 0.008
50 11 12 12 8 7 4 0.93 0.974 0.832 0.994 0.07 0.026 0.168 0.006
410 91 43 55 15 206 0 0.074 0.012 0.014 0.958 0.926 0.988 0.986 0.042
170 34 15 34 40 47 4 0.4 0.818 0.768 0.994 0.6 0.182 0.232 0.006
80 18 13 19 14 16 4 0.878 0.954 0.96 1 0.122 0.046 0.04 0
320 58 34 59 63 106 4 0.102 0.224 0.598 0.998 0.898 0.776 0.402 0.002
230 55 34 54 29 58 4 0.37 0.808 0.314 0.992 0.63 0.192 0.686 0.008
230 52 23 13 41 101 4 0.104 0.122 0.104 0.992 0.896 0.878 0.896 0.008
50 14 12 9 8 7 1 0.996 0.862 0.514 0.966 0.004 0.138 0.486 0.034
50 11 8 7 9 15 4 0.554 0.558 0.76 1 0.446 0.442 0.24 0
170 35 12 36 24 63 4 0.078 0.344 0.284 0.998 0.922 0.656 0.716 0.002
230 40 25 34 34 97 4 0.354 0.5 0.102 0.994 0.646 0.5 0.898 0.006
260 55 44 20 19 122 4 0.614 0.1 0.14 0.992 0.386 0.9 0.86 0.008
410 88 60 84 59 119 0 0.09 0.452 0.396 0.934 0.91 0.548 0.604 0.066
140 23 38 17 26 36 4 0.462 0.266 0.682 1 0.538 0.734 0.318 0
80 12 15 16 11 26 1 0.996 0.462 0.314 0.954 0.004 0.538 0.686 0.046
80 16 19 11 16 18 4 0.848 0.496 0.938 1 0.152 0.504 0.062 0
110 17 14 28 23 28 4 0.518 0.956 0.9 1 0.482 0.044 0.1 0
290 51 36 62 60 81 4 0.266 0.646 0.56 0.992 0.734 0.354 0.44 0.008
110 16 20 26 16 32 4 0.646 0.556 0.53 1 0.354 0.444 0.47 0
170 36 36 25 40 33 4 0.988 0.742 0.63 0.994 0.012 0.258 0.37 0.006
140 23 11 23 38 45 4 0.474 0.354 0.832 0.996 0.526 0.646 0.168 0.004
110 21 16 20 16 37 4 0.724 0.33 0.348 0.998 0.276 0.67 0.652 0.002
110 18 27 19 17 29 4 0.77 0.284 0.936 0.996 0.23 0.716 0.064 0.004
140 28 9 13 45 45 4 0.11 0.178 0.946 0.998 0.89 0.822 0.054 0.002
50 13 8 12 12 5 4 0.416 0.89 0.502 0.996 0.584 0.11 0.498 0.004
140 31 16 18 30 45 4 0.188 0.494 0.572 0.996 0.812 0.506 0.428 0.004
170 27 42 8 39 54 4 0.682 0.026 0.6 1 0.318 0.974 0.4 0
50 14 12 5 13 6 2 0.486 0.994 0.856 0.872 0.514 0.006 0.144 0.128
230 42 44 36 34 74 4 0.32 0.192 0.22 0.992 0.68 0.808 0.78 0.008
50 17 12 7 4 10 4 0.72 0.278 0.684 1 0.28 0.722 0.316 0
380 89 60 52 31 148 4 0.266 0.296 0.228 0.996 0.734 0.704 0.772 0.004
140 20 9 21 41 49 4 0.022 0.142 0.74 0.998 0.978 0.858 0.26 0.002
260 52 41 16 35 116 4 0.494 0.216 0.19 1 0.506 0.784 0.81 0
80 16 19 16 16 13 4 0.956 0.968 0.842 0.994 0.044 0.032 0.158 0.006
50 12 13 8 6 11 4 0.774 0.866 0.914 0.992 0.226 0.134 0.086 0.008
110 29 12 14 22 33 4 0.446 0.402 0.326 0.998 0.554 0.598 0.674 0.002
140 27 28 27 9 49 4 0.648 0.866 0.072 1 0.352 0.134 0.928 0
260 46 66 20 36 92 4 0.546 0.05 0.212 0.996 0.454 0.95 0.788 0.004
50 10 7 8 12 13 4 0.92 0.926 0.646 0.998 0.08 0.074 0.354 0.002
50 10 8 5 14 13 4 0.85 0.846 0.97 0.996 0.15 0.154 0.03 0.004
110 19 26 18 19 28 4 0.476 0.48 0.288 0.998 0.524 0.52 0.712 0.002
80 13 20 22 9 16 4 0.85 0.97 0.808 0.998 0.15 0.03 0.192 0.002
140 36 16 33 21 34 4 0.688 0.96 0.3 0.996 0.312 0.04 0.7 0.004
80 20 15 12 16 17 4 0.66 0.232 0.992 0.998 0.34 0.768 0.008 0.002
80 17 15 16 9 23 4 0.826 0.842 0.624 1 0.174 0.158 0.376 0
50 6 10 9 7 18 -1 0.984 0.95 0.95 0.946 0.016 0.05 0.05 0.054
140 27 45 18 18 32 4 0.842 0.276 0.26 0.996 0.158 0.724 0.74 0.004
110 28 11 14 28 29 4 0.068 0.128 0.374 1 0.932 0.872 0.626 0
110 19 28 16 24 23 4 0.89 0.278 0.468 0.998 0.11 0.722 0.532 0.002
80 17 16 17 15 15 4 0.67 0.678 0.952 1 0.33 0.322 0.048 0
80 13 12 11 22 22 4 0.314 0.324 0.898 0.992 0.686 0.676 0.102 0.008
170 30 21 19 26 74 4 0.042 0.082 0.108 0.992 0.958 0.918 0.892 0.008
50 12 10 11 8 9 4 0.93 0.948 0.624 0.998 0.07 0.052 0.376 0.002
230 57 18 16 32 107 4 0.244 0.058 0.542 1 0.756 0.942 0.458 0
290 67 14 47 22 140 4 0.036 0.08 0.076 0.994 0.964 0.92 0.924 0.006
80 15 15 13 14 23 4 0.968 0.826 0.866 0.998 0.032 0.174 0.134 0.002
80 18 15 12 12 23 4 0.636 0.51 0.732 0.992 0.364 0.49 0.268 0.008
140 25 19 20 17 59 4 0.546 0.116 0.088 0.994 0.454 0.884 0.912 0.006
140 24 19 18 29 50 4 0.052 0.118 0.384 0.998 0.948 0.882 0.616 0.002
140 31 7 33 27 42 4 0.044 0.848 0.158 0.992 0.956 0.152 0.842 0.008
80 14 11 24 12 19 4 0.566 0.914 0.492 1 0.434 0.086 0.508 0
260 40 23 35 35 127 4 0.044 0.298 0.216 0.996 0.956 0.702 0.784 0.004
110 24 19 15 12 40 4 0.434 0.254 0.398 0.998 0.566 0.746 0.602 0.002
140 28 30 18 13 51 4 0.296 0.568 0.178 0.996 0.704 0.432 0.822 0.004
110 14 24 25 18 29 4 0.31 0.52 0.502 0.992 0.69 0.48 0.498 0.008
50 12 7 13 9 9 4 0.144 0.82 0.866 0.998 0.856 0.18 0.134 0.002
260 53 75 20 41 71 4 0.73 0.28 0.344 0.994 0.27 0.72 0.656 0.006
110 27 17 21 19 26 4 0.482 0.834 0.426 1 0.518 0.166 0.574 0
140 24 11 16 29 60 4 0 0.086 0.266 0.994 1 0.914 0.734 0.006
110 22 17 12 17 42 4 0.622 0.178 0.092 0.996 0.378 0.822 0.908 0.004
290 69 45 44 52 80 4 0.676 0.588 0.584 0.992 0.324 0.412 0.416 0.008
110 25 22 18 18 27 4 0.97 0.94 0.844 0.998 0.03 0.06 0.156 0.002
80 17 15 17 13 18 2 0.9 0.996 0.588 0.992 0.1 0.004 0.412 0.008
140 30 15 14 38 43 4 0.118 0.046 0.524 0.992 0.882 0.954 0.476 0.008
200 33 5 58 36 68 4 0 0.714 0.74 0.998 1 0.286 0.26 0.002
200 31 43 41 17 68 4 0.66 0.468 0.158 0.996 0.34 0.532 0.842 0.004
80 21 10 22 16 11 4 0.324 0.79 0.672 0.996 0.676 0.21 0.328 0.004
80 21 7 19 18 15 4 0.57 0.782 0.54 0.998 0.43 0.218 0.46 0.002
50 8 11 10 11 10 4 0.766 0.566 0.922 0.998 0.234 0.434 0.078 0.002
230 43 40 52 20 75 4 0.382 0.564 0.04 0.992 0.618 0.436 0.96 0.008
170 40 26 15 31 58 4 0.386 0.22 0.686 1 0.614 0.78 0.314 0
320 61 43 27 60 129 4 0.49 0.118 0.638 0.998 0.51 0.882 0.362 0.002
230 37 41 47 44 61 4 0.362 0.654 0.584 1 0.638 0.346 0.416 0
110 22 22 26 16 24 4 0.854 0.532 0.216 0.992 0.146 0.468 0.784 0.008
260 55 53 15 64 73 4 0.802 0.048 0.942 0.998 0.198 0.952 0.058 0.002
50 11 15 6 10 8 4 0.858 0.768 0.66 0.998 0.142 0.232 0.34 0.002
110 27 16 17 19 31 4 0.108 0.42 0.494 1 0.892 0.58 0.506 0
410 78 25 35 27 245 0 0.016 0.03 0.06 0.974 0.984 0.97 0.94 0.026
140 35 22 15 30 38 4 0.62 0.602 0.418 1 0.38 0.398 0.582 0
110 20 9 12 28 41 4 0.05 0.194 0.334 0.998 0.95 0.806 0.666 0.002
230 55 56 27 26 66 4 0.498 0.286 0.31 0.998 0.502 0.714 0.69 0.002
230 45 56 26 30 73 4 0.332 0.364 0.048 0.996 0.668 0.636 0.952 0.004
290 58 37 7 58 130 4 0.35 0.026 0.496 0.998 0.65 0.974 0.504 0.002
410 82 29 25 28 246 0 0.008 0.022 0.022 0.772 0.992 0.978 0.978 0.228
80 15 12 14 16 23 4 0.59 0.94 0.764 1 0.41 0.06 0.236 0
80 15 16 18 11 20 4 0.778 0.98 0.906 0.996 0.222 0.02 0.094 0.004
290 48 50 32 57 103 4 0.228 0.15 0.39 0.996 0.772 0.85 0.61 0.004
110 24 20 16 22 28 4 0.908 0.812 0.568 0.994 0.092 0.188 0.432 0.006
50 8 12 8 11 11 4 0.256 0.394 0.948 0.998 0.744 0.606 0.052 0.002
80 21 10 19 8 22 4 0.214 0.346 0.36 0.992 0.786 0.654 0.64 0.008
140 27 17 32 22 42 4 0.684 0.964 0.55 0.996 0.316 0.036 0.45 0.004
110 17 7 15 22 49 4 0.092 0.262 0.658 0.992 0.908 0.738 0.342 0.008
50 10 12 4 14 10 4 0.278 0.268 0.026 0.996 0.722 0.732 0.974 0.004
230 48 16 26 36 104 4 0.07 0.236 0.536 1 0.93 0.764 0.464 0
50 10 8 13 14 5 4 0.82 0.908 0.91 0.998 0.18 0.092 0.09 0.002
50 12 12 6 9 11 1 0.994 0.844 0.89 0.992 0.006 0.156 0.11 0.008
260 47 57 36 16 104 4 0.67 0.12 0.052 0.996 0.33 0.88 0.948 0.004
230 47 42 19 47 75 4 0.518 0.196 0.702 0.998 0.482 0.804 0.298 0.002
140 32 9 8 13 78 4 0.158 0.112 0.108 0.994 0.842 0.888 0.892 0.006
140 27 26 16 26 45 4 0.84 0.742 0.84 0.992 0.16 0.258 0.16 0.008
230 44 38 70 25 53 4 0.678 0.76 0.034 0.996 0.322 0.24 0.966 0.004
50 8 11 11 7 13 4 0.682 0.954 0.938 1 0.318 0.046 0.062 0
200 46 35 31 31 57 4 0.254 0.178 0.222 0.992 0.746 0.822 0.778 0.008
80 17 18 13 16 16 4 0.142 0.326 0.224 0.992 0.858 0.674 0.776 0.008
50 10 13 12 6 9 4 0.848 0.722 0.434 0.996 0.152 0.278 0.566 0.004
290 50 46 64 64 66 4 0.55 0.448 0.348 0.992 0.45 0.552 0.652 0.008
170 36 28 33 23 50 4 0.88 0.632 0.222 0.992 0.12 0.368 0.778 0.008
140 35 24 18 28 35 4 0.492 0.476 0.246 0.992 0.508 0.524 0.754 0.008
110 17 23 28 23 19 4 0.858 0.522 0.354 0.998 0.142 0.478 0.646 0.002
260 54 54 60 41 51 2 0.92 1 0.862 1 0.08 0 0.138 0
110 30 21 14 17 28 4 0.35 0.466 0.042 0.998 0.65 0.534 0.958 0.002
230 56 39 37 44 54 4 0.322 0.442 0.668 0.998 0.678 0.558 0.332 0.002
200 40 55 16 25 64 4 0.47 0.08 0.508 0.992 0.53 0.92 0.492 0.008
140 30 17 41 12 40 4 0.458 0.876 0.932 0.996 0.542 0.124 0.068 0.004
170 38 32 26 18 56 4 0.408 0.19 0.008 0.994 0.592 0.81 0.992 0.006
140 33 37 15 15 40 4 0.564 0.114 0.162 0.998 0.436 0.886 0.838 0.002
80 19 13 10 9 29 4 0.31 0.262 0.58 0.998 0.69 0.738 0.42 0.002
80 14 12 12 15 27 4 0.672 0.532 0.892 0.998 0.328 0.468 0.108 0.002
290 56 44 30 55 105 4 0.124 0.046 0.07 0.998 0.876 0.954 0.93 0.002
350 75 47 28 82 118 4 0.18 0.064 0.408 0.994 0.82 0.936 0.592 0.006
170 29 38 25 11 67 4 0.172 0.244 0.014 0.994 0.828 0.756 0.986 0.006
140 29 39 15 15 42 4 0.242 0.104 0.146 0.992 0.758 0.896 0.854 0.008
110 24 16 19 19 32 4 0.798 0.602 0.672 0.998 0.202 0.398 0.328 0.002
320 58 46 34 17 165 4 0.076 0.114 0.008 1 0.924 0.886 0.992 0
140 24 38 20 20 38 4 0.892 0.762 0.478 1 0.108 0.238 0.522 0
140 33 37 18 13 39 4 0.884 0.518 0.408 1 0.116 0.482 0.592 0
410 75 11 37 28 259 0 0.004 0.112 0.026 0.974 0.996 0.888 0.974 0.026
110 25 6 13 26 40 4 0.084 0.266 0.14 0.998 0.916 0.734 0.86 0.002
110 17 25 18 17 33 4 0.434 0.13 0.264 0.994 0.566 0.87 0.736 0.006
140 32 25 17 19 47 4 0.622 0.322 0.324 1 0.378 0.678 0.676 0
140 29 23 34 26 28 4 0.426 0.552 0.806 1 0.574 0.448 0.194 0
50 13 11 10 7 9 4 0.6 0.766 0.77 1 0.4 0.234 0.23 0
230 50 46 58 13 63 4 0.396 0.606 0.012 0.994 0.604 0.394 0.988 0.006
110 28 18 14 26 24 4 0.394 0.036 0.988 0.996 0.606 0.964 0.012 0.004
110 21 24 15 17 33 4 0.77 0.584 0.74 0.994 0.23 0.416 0.26 0.006
110 20 24 13 17 36 4 0.666 0.252 0.332 1 0.334 0.748 0.668 0
80 15 23 17 13 12 4 0.6 0.054 0.148 0.994 0.4 0.946 0.852 0.006
260 43 12 86 33 86 4 0.002 0.672 0.476 0.992 0.998 0.328 0.524 0.008
230 45 30 55 35 65 4 0.754 0.834 0.524 0.992 0.246 0.166 0.476 0.008
80 20 15 3 21 21 4 0.448 0.004 0.802 0.992 0.552 0.996 0.198 0.008
140 35 29 23 14 39 4 0.9 0.702 0.284 0.998 0.1 0.298 0.716 0.002
170 33 28 31 43 35 4 0.724 0.688 0.96 0.996 0.276 0.312 0.04 0.004
410 74 62 60 20 194 0 0.068 0.192 0.014 0.982 0.932 0.808 0.986 0.018
110 26 24 18 18 24 4 0.904 0.864 0.948 0.994 0.096 0.136 0.052 0.006
170 26 15 39 32 58 4 0.29 0.814 0.596 1 0.71 0.186 0.404 0
320 57 29 28 30 176 4 0.128 0.106 0.11 0.996 0.872 0.894 0.89 0.004
110 18 14 21 30 27 4 0.896 0.776 0.862 1 0.104 0.224 0.138 0
290 49 33 65 34 109 4 0.098 0.73 0.118 0.998 0.902 0.27 0.882 0.002
50 11 7 11 12 9 -1 0.986 0.924 0.978 0.98 0.014 0.076 0.022 0.02
140 27 16 40 10 47 4 0.478 0.888 0.036 1 0.522 0.112 0.964 0
80 14 16 19 13 18 4 0.962 0.812 0.944 1 0.038 0.188 0.056 0
230 48 71 33 18 60 4 0.844 0.262 0.026 0.994 0.156 0.738 0.974 0.006
170 32 43 25 14 56 4 0.53 0.572 0.17 0.996 0.47 0.428 0.83 0.004
80 15 11 17 16 21 4 0.736 0.984 0.812 0.992 0.264 0.016 0.188 0.008
50 9 13 7 10 11 4 0.864 0.89 0.69 1 0.136 0.11 0.31 0
50 12 10 5 10 13 4 0.846 0.854 0.954 0.998 0.154 0.146 0.046 0.002
200 37 23 50 15 75 4 0.118 0.718 0.214 0.998 0.882 0.282 0.786 0.002
110 20 11 21 23 35 4 0.142 0.248 0.824 1 0.858 0.752 0.176 0
50 9 11 11 9 10 4 0.784 0.958 0.912 0.992 0.216 0.042 0.088 0.008
110 25 8 11 33 33 4 0.476 0.112 0.964 0.996 0.524 0.888 0.036 0.004
110 26 15 16 18 35 4 0.302 0.688 0.402 0.998 0.698 0.312 0.598 0.002
170 25 19 29 31 66 4 0.182 0.43 0.712 0.998 0.818 0.57 0.288 0.002
200 30 27 29 34 80 4 0.362 0.514 0.918 1 0.638 0.486 0.082 0
260 61 38 31 43 87 4 0.638 0.092 0.348 0.994 0.362 0.908 0.652 0.006
50 7 19 11 5 8 4 0.838 0.424 0.312 0.996 0.162 0.576 0.688 0.004
410 81 30 37 113 149 0 0.012 0.074 0.5 0.986 0.988 0.926 0.5 0.014
80 13 18 17 15 17 4 0.986 0.78 0.954 0.998 0.014 0.22 0.046 0.002
290 54 29 49 64 94 4 0.388 0.334 0.182 0.992 0.612 0.666 0.818 0.008
170 36 30 26 23 55 4 0.568 0.364 0.228 1 0.432 0.636 0.772 0
140 31 15 29 23 42 4 0.802 0.802 0.79 0.998 0.198 0.198 0.21 0.002
230 47 44 54 26 59 4 0.858 0.95 0.662 0.998 0.142 0.05 0.338 0.002
290 52 34 29 40 135 4 0.162 0.274 0.18 0.996 0.838 0.726 0.82 0.004
110 22 23 19 13 33 4 0.592 0.456 0.182 0.998 0.408 0.544 0.818 0.002
80 18 19 16 12 15 4 0.868 0.812 0.688 0.994 0.132 0.188 0.312 0.006
170 31 35 15 31 58 4 0.366 0.008 0.698 1 0.634 0.992 0.302 0
200 42 33 13 10 102 4 0.2 0.042 0.088 1 0.8 0.958 0.912 0
260 49 63 58 19 71 4 0.566 0.478 0.104 0.994 0.434 0.522 0.896 0.006
230 48 38 21 39 84 4 0.652 0.64 0.258 1 0.348 0.36 0.742 0
50 12 4 10 10 14 4 0.22 0.668 0.782 1 0.78 0.332 0.218 0
80 14 17 8 14 27 4 0.726 0.396 0.224 0.994 0.274 0.604 0.776 0.006
200 44 64 25 25 42 4 0.654 0.478 0.598 0.996 0.346 0.522 0.402 0.004
80 15 22 10 14 19 4 0.496 0.122 0.098 0.998 0.504 0.878 0.902 0.002
170 33 42 37 25 33 4 0.764 0.73 0.578 0.998 0.236 0.27 0.422 0.002
80 15 16 17 14 18 4 0.932 0.982 0.866 1 0.068 0.018 0.134 0
110 22 16 17 15 40 4 0.132 0.178 0.028 0.994 0.868 0.822 0.972 0.006
80 17 21 13 10 19 4 0.862 0.132 0.496 0.998 0.138 0.868 0.504 0.002
140 31 14 18 28 49 4 0.306 0.662 0.638 1 0.694 0.338 0.362 0
170 36 20 11 29 74 4 0.104 0.042 0.674 0.994 0.896 0.958 0.326 0.006
50 11 10 9 7 13 -1 0.982 0.998 0.95 1 0.018 0.002 0.05 0
290 65 31 16 18 160 4 0.086 0.01 0.104 1 0.914 0.99 0.896 0
260 44 54 19 56 87 4 0.76 0.054 0.618 0.998 0.24 0.946 0.382 0.002
200 38 48 9 38 67 4 0.99 0.168 0.602 0.998 0.01 0.832 0.398 0.002
110 25 18 15 21 31 4 0.91 0.66 0.696 0.998 0.09 0.34 0.304 0.002
110 24 23 17 10 36 4 0.67 0.696 0.114 0.998 0.33 0.304 0.886 0.002
110 22 23 13 23 29 4 0.51 0.302 0.56 0.994 0.49 0.698 0.44 0.006
110 30 25 16 13 26 4 0.4 0.296 0.4 1 0.6 0.704 0.6 0
80 16 16 15 17 16 4 0.668 0.526 0.592 0.998 0.332 0.474 0.408 0.002
260 55 8 34 65 98 4 0.004 0.098 0.51 0.994 0.996 0.902 0.49 0.006
80 13 20 16 13 18 4 0.818 0.676 0.734 0.994 0.182 0.324 0.266 0.006
50 12 9 12 6 11 4 0.786 0.962 0.968 0.994 0.214 0.038 0.032 0.006
200 36 31 33 28 72 4 0.394 0.55 0.41 1 0.606 0.45 0.59 0
200 32 50 23 20 75 4 0.366 0.136 0.228 0.996 0.634 0.864 0.772 0.004
80 17 7 12 16 28 4 0.802 0.44 0.326 0.998 0.198 0.56 0.674 0.002
260 53 22 62 40 83 4 0.204 0.658 0.52 0.998 0.796 0.342 0.48 0.002
230 43 40 40 43 64 4 0.672 0.542 0.416 0.992 0.328 0.458 0.584 0.008
230 47 28 36 30 89 4 0.128 0.486 0.124 0.992 0.872 0.514 0.876 0.008
140 23 33 36 18 30 4 0.606 0.766 0.478 0.998 0.394 0.234 0.522 0.002
140 23 36 28 18 35 4 0.95 0.808 0.828 1 0.05 0.192 0.172 0
80 17 14 15 15 19 4 0.724 0.24 0.672 1 0.276 0.76 0.328 0
80 22 6 12 7 33 4 0.078 0.146 0.22 0.992 0.922 0.854 0.78 0.008
80 13 15 20 14 18 4 0.716 0.952 0.496 0.994 0.284 0.048 0.504 0.006
110 30 21 11 23 25 4 0.382 0.182 0.436 0.992 0.618 0.818 0.564 0.008
110 26 20 14 27 23 4 0.916 0.924 0.89 0.996 0.084 0.076 0.11 0.004
260 47 45 44 47 77 4 0.402 0.566 0.528 0.994 0.598 0.434 0.472 0.006
80 18 8 19 13 22 4 0.146 0.566 0.53 0.998 0.854 0.434 0.47 0.002
350 66 78 12 48 146 4 0.174 0 0.202 0.998 0.826 1 0.798 0.002
80 16 19 17 12 16 4 0.968 0.666 0.678 0.992 0.032 0.334 0.322 0.008
290 46 71 56 48 69 4 0.854 0.854 0.486 1 0.146 0.146 0.514 0
80 17 19 16 16 12 4 0.726 0.58 0.554 0.992 0.274 0.42 0.446 0.008
80 21 15 13 15 16 4 0.602 0.562 0.574 0.994 0.398 0.438 0.426 0.006
80 16 18 13 17 16 4 0.82 0.41 0.83 0.996 0.18 0.59 0.17 0.004
80 16 21 19 11 13 4 0.73 0.828 0.264 0.998 0.27 0.172 0.736 0.002
200 43 25 35 33 64 4 0.35 0.84 0.606 1 0.65 0.16 0.394 0
50 12 9 11 6 12 4 0.892 0.814 0.57 0.994 0.108 0.186 0.43 0.006
200 40 19 46 34 61 4 0.164 0.536 0.504 1 0.836 0.464 0.496 0
110 19 21 25 19 26 4 0.492 0.934 0.716 0.998 0.508 0.066 0.284 0.002
140 31 26 22 28 33 4 0.702 0.492 0.572 0.994 0.298 0.508 0.428 0.006
410 76 97 43 76 118 0 0.794 0.052 0.534 0.942 0.206 0.948 0.466 0.058
140 27 22 16 32 43 4 0.2 0.076 0.48 0.996 0.8 0.924 0.52 0.004
170 39 33 9 47 42 4 0.648 0.044 0.946 0.994 0.352 0.956 0.054 0.006
170 25 28 22 32 63 4 0.284 0.208 0.348 1 0.716 0.792 0.652 0
410 78 55 21 73 183 0 0.192 0.046 0.16 0.976 0.808 0.954 0.84 0.024
200 42 15 52 19 72 4 0.04 0.32 0.052 0.998 0.96 0.68 0.948 0.002
140 27 37 10 27 39 4 0.812 0.156 0.896 0.996 0.188 0.844 0.104 0.004
170 35 39 40 19 37 4 0.964 0.842 0.234 0.996 0.036 0.158 0.766 0.004
110 28 14 18 8 42 4 0.078 0.104 0.078 1 0.922 0.896 0.922 0
50 7 4 13 15 11 4 0.826 0.67 0.486 0.992 0.174 0.33 0.514 0.008
170 30 45 18 33 44 4 0.656 0.586 0.85 1 0.344 0.414 0.15 0
170 38 25 19 40 48 4 0.514 0.214 0.726 0.998 0.486 0.786 0.274 0.002
50 11 8 8 11 12 4 0.686 0.61 0.9 1 0.314 0.39 0.1 0
350 60 43 8 41 198 4 0.104 0.006 0.066 0.996 0.896 0.994 0.934 0.004
50 10 9 15 6 10 4 0.758 0.48 0.654 1 0.242 0.52 0.346 0
110 25 23 18 14 30 4 0.656 0.324 0.356 1 0.344 0.676 0.644 0
110 18 7 33 24 28 4 0.114 0.776 0.594 0.998 0.886 0.224 0.406 0.002
260 47 28 66 22 97 4 0.51 0.546 0.142 0.992 0.49 0.454 0.858 0.008
50 11 11 10 8 10 4 0.78 0.45 0.12 0.992 0.22 0.55 0.88 0.008
80 15 16 9 11 29 4 0.39 0.026 0.048 0.998 0.61 0.974 0.952 0.002
170 30 32 35 34 39 4 0.786 0.956 0.386 0.996 0.214 0.044 0.614 0.004
140 27 26 34 19 34 4 0.308 0.732 0.422 1 0.692 0.268 0.578 0
290 58 45 50 40 97 4 0.168 0.252 0.318 0.996 0.832 0.748 0.682 0.004
110 23 22 19 22 24 4 0.892 0.684 0.964 0.998 0.108 0.316 0.036 0.002
170 39 30 23 12 66 4 0.398 0.264 0.352 0.996 0.602 0.736 0.648 0.004
200 46 16 27 28 83 4 0.128 0.254 0.218 0.992 0.872 0.746 0.782 0.008
50 7 10 7 9 17 4 0.898 0.252 0.838 0.998 0.102 0.748 0.162 0.002
230 39 23 39 56 73 4 0.122 0.47 0.642 0.998 0.878 0.53 0.358 0.002
170 33 25 37 28 47 4 0.25 0.41 0.256 0.994 0.75 0.59 0.744 0.006
290 55 47 54 37 97 4 0.376 0.55 0.102 0.998 0.624 0.45 0.898 0.002
290 60 76 30 23 101 4 0.694 0.338 0.394 0.994 0.306 0.662 0.606 0.006
290 55 42 68 55 70 4 0.5 0.942 0.456 0.998 0.5 0.058 0.544 0.002
50 6 8 14 10 12 4 0.718 0.876 0.594 0.996 0.282 0.124 0.406 0.004
110 22 19 17 18 34 4 0.858 0.994 0.558 0.998 0.142 0.006 0.442 0.002
80 12 19 19 13 17 4 0.488 0.73 0.994 0.998 0.512 0.27 0.006 0.002
200 40 42 42 34 42 4 0.78 0.786 0.858 1 0.22 0.214 0.142 0
50 14 7 6 13 10 4 0.778 0.302 0.568 1 0.222 0.698 0.432 0
50 9 11 14 7 9 4 0.292 0.47 0.718 0.998 0.708 0.53 0.282 0.002
50 16 3 16 6 9 4 0.516 0.904 0.794 0.996 0.484 0.096 0.206 0.004
170 31 27 34 18 60 4 0.616 0.95 0.136 0.994 0.384 0.05 0.864 0.006
80 16 15 10 18 21 4 0.882 0.266 0.96 0.998 0.118 0.734 0.04 0.002
350 60 15 48 50 177 4 0.016 0.246 0.66 0.998 0.984 0.754 0.34 0.002
170 44 23 34 24 45 4 0.352 0.766 0.384 0.996 0.648 0.234 0.616 0.004
